{
 "cells": [
  {
   "cell_type": "code",
   "execution_count": 1,
   "metadata": {},
   "outputs": [
    {
     "name": "stderr",
     "output_type": "stream",
     "text": [
      "Using TensorFlow backend.\n"
     ]
    }
   ],
   "source": [
    "from __future__ import absolute_import\n",
    "from __future__ import division\n",
    "from __future__ import print_function\n",
    "\n",
    "import numpy as np\n",
    "import tensorflow as tf\n",
    "from keras.datasets import mnist\n",
    "\n",
    "tf.logging.set_verbosity(tf.logging.INFO)"
   ]
  },
  {
   "cell_type": "code",
   "execution_count": 2,
   "metadata": {},
   "outputs": [
    {
     "data": {
      "text/plain": [
       "'1.11.0'"
      ]
     },
     "execution_count": 2,
     "metadata": {},
     "output_type": "execute_result"
    }
   ],
   "source": [
    "tf.__version__"
   ]
  },
  {
   "cell_type": "code",
   "execution_count": 3,
   "metadata": {},
   "outputs": [],
   "source": [
    "(x_train, y_train), (x_test, y_test) = mnist.load_data()"
   ]
  },
  {
   "cell_type": "code",
   "execution_count": 4,
   "metadata": {},
   "outputs": [
    {
     "name": "stdout",
     "output_type": "stream",
     "text": [
      "Train Set: (60000, 28, 28)\n",
      "Test Set: (10000, 28, 28)\n"
     ]
    }
   ],
   "source": [
    "print(\"Train Set: {}\".format(x_train.shape))\n",
    "print(\"Test Set: {}\".format(x_test.shape))"
   ]
  },
  {
   "cell_type": "code",
   "execution_count": 5,
   "metadata": {},
   "outputs": [
    {
     "name": "stdout",
     "output_type": "stream",
     "text": [
      "Train Set: (60000,)\n",
      "Test Set: (10000,)\n"
     ]
    }
   ],
   "source": [
    "print(\"Train Set: {}\".format(y_train.shape))\n",
    "print(\"Test Set: {}\".format(y_test.shape))"
   ]
  },
  {
   "cell_type": "code",
   "execution_count": 6,
   "metadata": {},
   "outputs": [],
   "source": [
    "x_train = x_train/255.0\n",
    "x_test = x_test/255.0"
   ]
  },
  {
   "cell_type": "code",
   "execution_count": 7,
   "metadata": {},
   "outputs": [],
   "source": [
    "y_train = np.eye(10)[y_train]\n",
    "y_test = np.eye(10)[y_test]"
   ]
  },
  {
   "cell_type": "code",
   "execution_count": 8,
   "metadata": {},
   "outputs": [
    {
     "name": "stdout",
     "output_type": "stream",
     "text": [
      "Train Set: (60000, 10)\n",
      "Test Set: (10000, 10)\n"
     ]
    }
   ],
   "source": [
    "print(\"Train Set: {}\".format(y_train.shape))\n",
    "print(\"Test Set: {}\".format(y_test.shape))"
   ]
  },
  {
   "cell_type": "code",
   "execution_count": 9,
   "metadata": {},
   "outputs": [],
   "source": [
    "def cnn_model_fn(features, labels, mode):\n",
    "    \n",
    "    # Input Layer\n",
    "    input_layer = tf.reshape(features[\"x\"], [-1, 28, 28, 1])\n",
    "\n",
    "    # Convolutional Layer #1\n",
    "    conv1 = tf.layers.conv2d(\n",
    "                              inputs=input_layer,\n",
    "                              filters=32,\n",
    "                              kernel_size=[5, 5],\n",
    "                              padding=\"same\",\n",
    "                              activation=tf.nn.relu\n",
    "                            )\n",
    "\n",
    "    # Pooling Layer #1\n",
    "    pool1 = tf.layers.max_pooling2d(\n",
    "                                    inputs=conv1, \n",
    "                                    pool_size=[2, 2], \n",
    "                                    strides=2\n",
    "                                    )\n",
    "\n",
    "    # Convolutional Layer #2\n",
    "    conv2 = tf.layers.conv2d(\n",
    "                              inputs=pool1,\n",
    "                              filters=64,\n",
    "                              kernel_size=[5, 5],\n",
    "                              padding=\"same\",\n",
    "                              activation=tf.nn.relu\n",
    "                            )\n",
    "    \n",
    "    # Pooling Layer #2\n",
    "    pool2 = tf.layers.max_pooling2d(\n",
    "                                    inputs=conv2, \n",
    "                                    pool_size=[2, 2], \n",
    "                                    strides=2\n",
    "                                    )\n",
    "\n",
    "    # Dense Layer\n",
    "    pool2_flat = tf.reshape(\n",
    "                            tensor=pool2, \n",
    "                            shape=[-1, 7 * 7 * 64]\n",
    "                            )\n",
    "    \n",
    "    dense = tf.layers.dense(\n",
    "                            inputs=pool2_flat, \n",
    "                            units=1024, \n",
    "                            activation=tf.nn.relu\n",
    "                            )\n",
    "    \n",
    "    dropout = tf.layers.dropout(\n",
    "                                inputs=dense, \n",
    "                                rate=0.4, \n",
    "                                training=mode == tf.estimator.ModeKeys.TRAIN\n",
    "                                )\n",
    "\n",
    "    # Logits Layer\n",
    "    logits = tf.layers.dense(\n",
    "                            inputs=dropout, \n",
    "                            units=10\n",
    "                            )\n",
    "\n",
    "    # Generate predictions (for PREDICT and EVAL mode)\n",
    "    predictions = {\n",
    "                      \"classes\": tf.argmax(input=logits, axis=1),\n",
    "                      \"probabilities\": tf.nn.softmax(logits, name=\"softmax_tensor\")\n",
    "                    }\n",
    "\n",
    "    \n",
    "    if mode == tf.estimator.ModeKeys.PREDICT:\n",
    "        return tf.estimator.EstimatorSpec(mode=mode, predictions=predictions)\n",
    "\n",
    "    \n",
    "    # Calculate Loss (for both TRAIN and EVAL modes)\n",
    "    loss = tf.losses.sparse_softmax_cross_entropy(labels=tf.argmax(labels, axis=1), logits=logits)\n",
    "\n",
    "    \n",
    "    # Configure the Training Op (for TRAIN mode)\n",
    "    if mode == tf.estimator.ModeKeys.TRAIN:\n",
    "        optimizer = tf.train.GradientDescentOptimizer(learning_rate=0.001)\n",
    "        train_op = optimizer.minimize(\n",
    "                                        loss=loss,\n",
    "                                        global_step=tf.train.get_global_step()\n",
    "                                      )\n",
    "        return tf.estimator.EstimatorSpec(mode=mode, loss=loss, train_op=train_op)\n",
    "\n",
    "    \n",
    "    # Add evaluation metrics (for EVAL mode)\n",
    "    accuracy= tf.metrics.accuracy(labels=labels,predictions=predictions[\"classes\"]) )\n",
    "                        }\n",
    "    \n",
    "    return tf.estimator.EstimatorSpec(mode=mode, loss=loss, eval_metric_ops=eval_metric_ops)"
   ]
  },
  {
   "cell_type": "code",
   "execution_count": 10,
   "metadata": {},
   "outputs": [
    {
     "name": "stdout",
     "output_type": "stream",
     "text": [
      "INFO:tensorflow:Using default config.\n",
      "INFO:tensorflow:Using config: {'_model_dir': '/tmp/mnist_convnet_model', '_tf_random_seed': None, '_save_summary_steps': 100, '_save_checkpoints_steps': None, '_save_checkpoints_secs': 600, '_session_config': allow_soft_placement: true\n",
      "graph_options {\n",
      "  rewrite_options {\n",
      "    meta_optimizer_iterations: ONE\n",
      "  }\n",
      "}\n",
      ", '_keep_checkpoint_max': 5, '_keep_checkpoint_every_n_hours': 10000, '_log_step_count_steps': 100, '_train_distribute': None, '_device_fn': None, '_protocol': None, '_eval_distribute': None, '_experimental_distribute': None, '_service': None, '_cluster_spec': <tensorflow.python.training.server_lib.ClusterSpec object at 0x7fdccdd38828>, '_task_type': 'worker', '_task_id': 0, '_global_id_in_cluster': 0, '_master': '', '_evaluation_master': '', '_is_chief': True, '_num_ps_replicas': 0, '_num_worker_replicas': 1}\n"
     ]
    }
   ],
   "source": [
    "mnist_classifier = tf.estimator.Estimator(model_fn=cnn_model_fn, model_dir=\"/tmp/mnist_convnet_model\")"
   ]
  },
  {
   "cell_type": "code",
   "execution_count": 11,
   "metadata": {},
   "outputs": [],
   "source": [
    "tensors_to_log = {\"probabilities\": \"softmax_tensor\"}\n",
    "logging_hook = tf.train.LoggingTensorHook(tensors=tensors_to_log, every_n_iter=50)"
   ]
  },
  {
   "cell_type": "code",
   "execution_count": 12,
   "metadata": {},
   "outputs": [],
   "source": [
    "train_input_fn = tf.estimator.inputs.numpy_input_fn(\n",
    "                    x = {\"x\": x_train},\n",
    "                    y = y_train.astype(np.int32),\n",
    "                    batch_size=64,\n",
    "                    num_epochs = None,\n",
    "                    shuffle = True\n",
    ")\n",
    "\n",
    "eval_input_fn = tf.estimator.inputs.numpy_input_fn(\n",
    "                    x={\"x\": x_test},\n",
    "                    y=y_test.astype(np.int32),\n",
    "                    num_epochs=1,\n",
    "                    shuffle=False\n",
    "                )"
   ]
  },
  {
   "cell_type": "code",
   "execution_count": null,
   "metadata": {},
   "outputs": [
    {
     "name": "stdout",
     "output_type": "stream",
     "text": [
      "WARNING:tensorflow:From /usr/local/lib/python3.6/dist-packages/tensorflow/python/estimator/inputs/queues/feeding_queue_runner.py:62: QueueRunner.__init__ (from tensorflow.python.training.queue_runner_impl) is deprecated and will be removed in a future version.\n",
      "Instructions for updating:\n",
      "To construct input pipelines, use the `tf.data` module.\n",
      "WARNING:tensorflow:From /usr/local/lib/python3.6/dist-packages/tensorflow/python/estimator/inputs/queues/feeding_functions.py:500: add_queue_runner (from tensorflow.python.training.queue_runner_impl) is deprecated and will be removed in a future version.\n",
      "Instructions for updating:\n",
      "To construct input pipelines, use the `tf.data` module.\n",
      "INFO:tensorflow:Calling model_fn.\n",
      "INFO:tensorflow:Done calling model_fn.\n",
      "INFO:tensorflow:Create CheckpointSaverHook.\n",
      "INFO:tensorflow:Graph was finalized.\n",
      "INFO:tensorflow:Running local_init_op.\n",
      "INFO:tensorflow:Done running local_init_op.\n",
      "WARNING:tensorflow:From /usr/local/lib/python3.6/dist-packages/tensorflow/python/training/monitored_session.py:804: start_queue_runners (from tensorflow.python.training.queue_runner_impl) is deprecated and will be removed in a future version.\n",
      "Instructions for updating:\n",
      "To construct input pipelines, use the `tf.data` module.\n",
      "INFO:tensorflow:Saving checkpoints for 0 into /tmp/mnist_convnet_model/model.ckpt.\n",
      "INFO:tensorflow:probabilities = [[0.09229369 0.10859552 0.09324619 0.11060697 0.10319494 0.09608488\n",
      "  0.09171301 0.0894925  0.1082633  0.106509  ]\n",
      " [0.11165351 0.12136837 0.09288162 0.10195451 0.10361398 0.09347236\n",
      "  0.08394179 0.09390916 0.11029015 0.08691456]\n",
      " [0.0980396  0.10844562 0.10393045 0.09129673 0.09681458 0.10545353\n",
      "  0.08595615 0.09665136 0.11299901 0.10041296]\n",
      " [0.09591043 0.10684056 0.10999549 0.09712595 0.09368583 0.09699148\n",
      "  0.08157625 0.11358364 0.10739581 0.09689457]\n",
      " [0.10362345 0.11392582 0.09720781 0.09262685 0.10548193 0.09765284\n",
      "  0.0843562  0.09551237 0.1151333  0.09447943]\n",
      " [0.10504128 0.11076583 0.09347708 0.10776309 0.08736221 0.08627748\n",
      "  0.09257915 0.10387003 0.1238676  0.08899625]\n",
      " [0.1125159  0.10505867 0.10254873 0.0955977  0.09864309 0.10191317\n",
      "  0.0881198  0.0943101  0.1055164  0.09577643]\n",
      " [0.10229232 0.1038905  0.10746317 0.09218314 0.11176201 0.08269913\n",
      "  0.08389162 0.09719146 0.11726545 0.1013612 ]\n",
      " [0.10213274 0.10076532 0.09049715 0.10309559 0.09994248 0.10409995\n",
      "  0.09371692 0.10215184 0.11377075 0.08982726]\n",
      " [0.09760871 0.11073054 0.10448845 0.09196611 0.09995247 0.09795187\n",
      "  0.09119807 0.1146646  0.1051826  0.08625658]\n",
      " [0.10881111 0.1203192  0.10452536 0.09744801 0.10836857 0.08906905\n",
      "  0.07558748 0.1112421  0.10995133 0.07467778]\n",
      " [0.10951763 0.11156509 0.10719628 0.1117127  0.105896   0.08398444\n",
      "  0.07728496 0.09686943 0.11129675 0.08467671]\n",
      " [0.1059315  0.11897793 0.09165824 0.08841384 0.10124838 0.08801662\n",
      "  0.0995077  0.10303305 0.10622581 0.09698692]\n",
      " [0.10242824 0.10197558 0.10061927 0.10443643 0.09942448 0.09126881\n",
      "  0.09020717 0.09450238 0.12183969 0.09329794]\n",
      " [0.1069306  0.11224049 0.09537574 0.09544258 0.09314695 0.10364574\n",
      "  0.09095624 0.08299399 0.13212409 0.08714358]\n",
      " [0.09869988 0.12126997 0.10177408 0.09752394 0.10451686 0.09582564\n",
      "  0.08563775 0.09077121 0.11420793 0.08977275]\n",
      " [0.08860255 0.10805666 0.10134738 0.10534628 0.0938798  0.08758292\n",
      "  0.09020041 0.10122005 0.1169691  0.10679485]\n",
      " [0.09473919 0.11152477 0.09098412 0.09449805 0.10730828 0.0981889\n",
      "  0.08806883 0.11090669 0.10629487 0.0974863 ]\n",
      " [0.09700313 0.10387107 0.11093543 0.09581969 0.10130982 0.07898685\n",
      "  0.09297722 0.11985789 0.10621179 0.09302711]\n",
      " [0.09614227 0.11143529 0.10299595 0.09817651 0.1033198  0.08208052\n",
      "  0.08735721 0.09968974 0.12986685 0.08893587]\n",
      " [0.09527479 0.09408589 0.10161583 0.09637094 0.11039084 0.09632343\n",
      "  0.08481821 0.11445109 0.12682985 0.07983913]\n",
      " [0.10773645 0.10490067 0.0982588  0.10110003 0.10370124 0.100103\n",
      "  0.09142478 0.09918592 0.10524338 0.08834574]\n",
      " [0.11622293 0.11266068 0.10527574 0.09354588 0.10266313 0.08652938\n",
      "  0.0803321  0.09648787 0.11893874 0.08734355]\n",
      " [0.11656591 0.11683705 0.09583045 0.08739008 0.11103163 0.09088549\n",
      "  0.07956502 0.09522115 0.11380509 0.09286813]\n",
      " [0.10315877 0.11447007 0.10151556 0.09953372 0.09390269 0.09086421\n",
      "  0.09200644 0.11332712 0.10420774 0.08701367]\n",
      " [0.1130503  0.09562919 0.10610099 0.08996137 0.10344554 0.09712966\n",
      "  0.08624771 0.10146953 0.11141416 0.09555155]\n",
      " [0.09782696 0.12501731 0.08661281 0.09537332 0.1037525  0.08518358\n",
      "  0.09931555 0.1030439  0.12223584 0.08163824]\n",
      " [0.09493052 0.09375536 0.10673125 0.10783598 0.09276597 0.09594817\n",
      "  0.08519928 0.11291881 0.11032931 0.09958534]\n",
      " [0.10174429 0.10970597 0.09909477 0.09357049 0.0962219  0.08986939\n",
      "  0.09061528 0.10763786 0.11981976 0.0917203 ]\n",
      " [0.08894181 0.11387241 0.09219506 0.10250684 0.0985987  0.09974878\n",
      "  0.10399007 0.10413556 0.10292747 0.09308331]\n",
      " [0.10128589 0.09873268 0.1030385  0.11246187 0.09343548 0.09976749\n",
      "  0.09460719 0.09576433 0.11114169 0.08976487]\n",
      " [0.11068383 0.10550746 0.09416122 0.10655849 0.09615918 0.10018193\n",
      "  0.08173412 0.09951565 0.11331794 0.09218017]\n",
      " [0.08121315 0.10189208 0.09894236 0.12469294 0.09956342 0.091624\n",
      "  0.09231125 0.09093825 0.1231885  0.09563405]\n",
      " [0.10295516 0.09651604 0.10534482 0.09951894 0.09451618 0.08534025\n",
      "  0.09705913 0.10416136 0.12870251 0.08588562]\n",
      " [0.09832652 0.10230614 0.09679876 0.10053216 0.09755497 0.08252457\n",
      "  0.10394522 0.10522599 0.12007065 0.09271501]\n",
      " [0.10264353 0.10663501 0.09406371 0.10238144 0.10869202 0.09437372\n",
      "  0.08079431 0.10701869 0.11096533 0.09243224]\n",
      " [0.10830771 0.10634417 0.09229756 0.09749733 0.10619323 0.0836541\n",
      "  0.08925552 0.0886997  0.12233149 0.10541918]\n",
      " [0.09865428 0.10512904 0.09956024 0.09941135 0.11007948 0.10729494\n",
      "  0.08194196 0.09240888 0.11627376 0.08924607]\n",
      " [0.10795571 0.10433197 0.10308224 0.10038327 0.10514812 0.08961601\n",
      "  0.0894263  0.08915638 0.12175614 0.08914386]\n",
      " [0.10440689 0.10161522 0.09669713 0.10262618 0.08943975 0.08327648\n",
      "  0.10272671 0.1108233  0.11594815 0.0924402 ]\n",
      " [0.09440314 0.10648604 0.10475913 0.09252668 0.09914692 0.11379301\n",
      "  0.08232778 0.09870765 0.12391898 0.08393067]\n",
      " [0.09830356 0.10656979 0.11564718 0.10298878 0.09262004 0.08504063\n",
      "  0.08236792 0.1202603  0.10912672 0.08707508]\n",
      " [0.10855255 0.09310531 0.09694254 0.10116211 0.10958317 0.08819484\n",
      "  0.09824965 0.09257952 0.12032124 0.09130905]\n",
      " [0.1124383  0.12279389 0.08286449 0.09821807 0.10059288 0.07781747\n",
      "  0.09099036 0.10646316 0.11848562 0.08933577]\n",
      " [0.09466602 0.10820379 0.09685616 0.10382207 0.09116286 0.08945222\n",
      "  0.10060214 0.10136503 0.11888744 0.09498227]\n",
      " [0.10174644 0.09596201 0.09141294 0.10507701 0.10810824 0.08640264\n",
      "  0.09084921 0.10766677 0.12453768 0.08823706]\n",
      " [0.10412382 0.10238285 0.1006447  0.09934989 0.09747811 0.09467269\n",
      "  0.08963177 0.10668546 0.11075923 0.09427147]\n",
      " [0.08906633 0.12774611 0.10279381 0.08443931 0.09814667 0.08688574\n",
      "  0.10002905 0.09940614 0.13102129 0.08046554]\n",
      " [0.10626836 0.09592144 0.09950725 0.09178454 0.10407374 0.09913289\n",
      "  0.09939951 0.08925459 0.12371532 0.09094236]\n",
      " [0.10585079 0.11035613 0.10715949 0.09681554 0.1002156  0.08362386\n",
      "  0.08227907 0.11290761 0.11414192 0.08664998]\n",
      " [0.11700453 0.10918334 0.10062327 0.09702376 0.09205773 0.10114634\n",
      "  0.08753976 0.10123324 0.10721261 0.08697541]\n",
      " [0.10599606 0.11088778 0.10541969 0.10307518 0.10421794 0.08152252\n",
      "  0.09770787 0.08589969 0.11868133 0.08659194]\n",
      " [0.09747391 0.10636533 0.09627561 0.10109262 0.10216188 0.09340422\n",
      "  0.08349517 0.11158396 0.11109143 0.09705585]\n",
      " [0.11210546 0.10928491 0.10177507 0.10775343 0.09033232 0.08822102\n",
      "  0.09149671 0.10141687 0.11401899 0.08359523]\n",
      " [0.09207819 0.10244267 0.09329828 0.10392386 0.09370681 0.08403096\n",
      "  0.11254008 0.09623397 0.12359236 0.09815282]\n",
      " [0.09835205 0.1197843  0.09665007 0.09492411 0.09585051 0.07694194\n",
      "  0.09477106 0.08813929 0.12415391 0.11043277]\n",
      " [0.09679051 0.1033318  0.09496915 0.09943804 0.09706038 0.09813563\n",
      "  0.10160847 0.09949158 0.11699796 0.09217648]\n",
      " [0.10059023 0.10070812 0.10364702 0.10688055 0.09442611 0.09477365\n",
      "  0.09221628 0.10015431 0.11497074 0.091633  ]\n",
      " [0.10665833 0.10167589 0.09315854 0.08744692 0.10264823 0.07916369\n",
      "  0.08919699 0.10724743 0.13202164 0.10078236]\n",
      " [0.10500906 0.11297989 0.10770846 0.10000878 0.10114967 0.09649313\n",
      "  0.07912104 0.08700368 0.11064067 0.09988563]\n",
      " [0.10895581 0.09682074 0.0989518  0.11674203 0.09791178 0.07904976\n",
      "  0.08201394 0.09652776 0.13142608 0.09160031]\n",
      " [0.0990221  0.1075416  0.10168997 0.10367028 0.09637868 0.10061193\n",
      "  0.09340789 0.09315641 0.10694121 0.09757992]\n",
      " [0.12299012 0.09080172 0.09780154 0.10110319 0.1071817  0.09676206\n",
      "  0.08866672 0.08787946 0.12864308 0.0781704 ]\n",
      " [0.11364245 0.10304626 0.09650407 0.1018397  0.09839458 0.09807248\n",
      "  0.08764059 0.0938851  0.10570331 0.10127145]]\n"
     ]
    },
    {
     "name": "stdout",
     "output_type": "stream",
     "text": [
      "INFO:tensorflow:loss = 2.297877311706543, step = 0\n",
      "INFO:tensorflow:probabilities = [[0.10594196 0.10165226 0.10984024 0.0942014  0.09566543 0.09577549\n",
      "  0.09282948 0.09964018 0.1072861  0.09716745]\n",
      " [0.09016481 0.09364558 0.09912598 0.10639158 0.09589284 0.09202342\n",
      "  0.09869905 0.10885088 0.12183643 0.09336944]\n",
      " [0.08807863 0.10983522 0.1155128  0.09359654 0.09363884 0.09873344\n",
      "  0.10966518 0.08406704 0.11198004 0.09489229]\n",
      " [0.10748459 0.09740014 0.0880371  0.10574322 0.10103479 0.09476074\n",
      "  0.09087522 0.10388452 0.1149389  0.09584076]\n",
      " [0.10348015 0.10615553 0.10159284 0.10530412 0.10250296 0.09594118\n",
      "  0.09198226 0.09471158 0.10691914 0.09141023]\n",
      " [0.09366925 0.1112927  0.10115495 0.10578576 0.09925872 0.09294446\n",
      "  0.08343923 0.10179605 0.11476232 0.09589655]\n",
      " [0.11123568 0.1179216  0.09524896 0.09376158 0.09715118 0.08954637\n",
      "  0.0920753  0.11603305 0.0948112  0.09221508]\n",
      " [0.10499383 0.09835088 0.08983414 0.10692896 0.09727143 0.08326566\n",
      "  0.10637085 0.08700709 0.12522726 0.1007499 ]\n",
      " [0.10344912 0.10856436 0.09680725 0.08878637 0.09727371 0.08179086\n",
      "  0.09467569 0.11029181 0.12347557 0.09488525]\n",
      " [0.11286885 0.1016334  0.1119863  0.10209106 0.1022548  0.09048031\n",
      "  0.08184283 0.0896089  0.12333663 0.08389691]\n",
      " [0.1021643  0.08994452 0.09498173 0.10515786 0.09342987 0.08826239\n",
      "  0.09010019 0.09987908 0.14293236 0.09314771]\n",
      " [0.10015908 0.11024748 0.09284561 0.10006452 0.11464842 0.08686447\n",
      "  0.0968117  0.10077311 0.10543409 0.0921515 ]\n",
      " [0.1087147  0.10216259 0.09943662 0.10690462 0.10765904 0.07024395\n",
      "  0.08564242 0.10809428 0.1156556  0.09548617]\n",
      " [0.1010896  0.12057635 0.09751765 0.10989478 0.09052961 0.09087315\n",
      "  0.09310346 0.10490349 0.09622567 0.09528624]\n",
      " [0.10812765 0.11070646 0.09727717 0.10062196 0.10629992 0.08865651\n",
      "  0.08402659 0.08886025 0.1195503  0.09587318]\n",
      " [0.10396468 0.11076708 0.10088332 0.09324233 0.09869692 0.09133819\n",
      "  0.09191074 0.08872298 0.11981641 0.10065735]\n",
      " [0.11689966 0.10848718 0.11099149 0.10186946 0.09947914 0.09225112\n",
      "  0.08529393 0.09362715 0.10509923 0.08600164]\n",
      " [0.08790741 0.10509617 0.10840131 0.09755708 0.10625916 0.08712848\n",
      "  0.09241021 0.11428183 0.10074315 0.10021521]\n",
      " [0.09229666 0.10814549 0.09001954 0.09746049 0.0976886  0.09178554\n",
      "  0.0918828  0.11038504 0.12514149 0.09519437]\n",
      " [0.10447864 0.112258   0.10227764 0.09654276 0.09034671 0.07645792\n",
      "  0.09093623 0.0981466  0.15107289 0.07748261]\n",
      " [0.10799083 0.08696068 0.09911002 0.09529377 0.09642981 0.0838665\n",
      "  0.09252832 0.11106075 0.12751061 0.09924872]\n",
      " [0.09454151 0.11144342 0.10144097 0.10343536 0.09566118 0.10013051\n",
      "  0.09023823 0.10763447 0.10128486 0.09418949]\n",
      " [0.1120673  0.10722038 0.11489964 0.09987563 0.0953422  0.09349534\n",
      "  0.0804224  0.10031082 0.1066091  0.08975721]\n",
      " [0.10752724 0.11119965 0.09179672 0.10176888 0.09034903 0.083989\n",
      "  0.09484121 0.10378098 0.10890912 0.10583818]\n",
      " [0.11335474 0.10018119 0.09984195 0.11780393 0.09645209 0.09291037\n",
      "  0.08673616 0.08288219 0.11386573 0.09597166]\n",
      " [0.10588374 0.10394793 0.09867046 0.10305179 0.10632936 0.09310462\n",
      "  0.08636677 0.10231027 0.10584751 0.09448756]\n",
      " [0.09710767 0.09648724 0.10382063 0.11275959 0.10192552 0.09172557\n",
      "  0.08913398 0.0996061  0.11223377 0.09519993]\n",
      " [0.10665651 0.10528706 0.09918035 0.10552825 0.08789956 0.08642221\n",
      "  0.09116187 0.10153025 0.11586089 0.10047306]\n",
      " [0.11084253 0.11393694 0.09464032 0.09896702 0.09413562 0.0910155\n",
      "  0.093902   0.08981883 0.11833867 0.09440256]\n",
      " [0.12249715 0.11376359 0.09558027 0.08969075 0.10652592 0.08834049\n",
      "  0.09343233 0.08698879 0.10943344 0.09374727]\n",
      " [0.09257863 0.09114946 0.09669768 0.10424261 0.09760348 0.09150209\n",
      "  0.08692564 0.09848399 0.13649012 0.10432631]\n",
      " [0.09994035 0.11314828 0.09222617 0.10826057 0.09551066 0.08861082\n",
      "  0.08844825 0.10045468 0.11181868 0.10158154]\n",
      " [0.1075602  0.10012037 0.09938459 0.10796436 0.09659208 0.10280074\n",
      "  0.09380356 0.08232554 0.12443574 0.08501282]\n",
      " [0.09422677 0.10523451 0.10554908 0.1091899  0.09954819 0.0900728\n",
      "  0.09912767 0.09098078 0.10812494 0.09794535]\n",
      " [0.10662279 0.10465346 0.10905331 0.10553212 0.11001623 0.07950037\n",
      "  0.09547469 0.09038454 0.11004635 0.08871613]\n",
      " [0.11702583 0.0990812  0.10004144 0.10778119 0.10413928 0.09384511\n",
      "  0.08323057 0.09000848 0.10912239 0.09572451]\n",
      " [0.11752277 0.10537811 0.10646818 0.09727777 0.0968939  0.09496231\n",
      "  0.09216193 0.09229676 0.10979897 0.0872393 ]\n",
      " [0.09938155 0.10104075 0.09003447 0.09232477 0.09938047 0.09971762\n",
      "  0.09684176 0.0970223  0.12699125 0.09726504]\n",
      " [0.10491958 0.10180476 0.09520773 0.10201093 0.09551339 0.10172349\n",
      "  0.07938433 0.10468151 0.11819528 0.09655899]\n",
      " [0.10310162 0.09339204 0.08997476 0.08761467 0.10125539 0.09349134\n",
      "  0.0890565  0.11642887 0.12664419 0.0990406 ]\n",
      " [0.11550629 0.12694476 0.10348505 0.09836908 0.09239694 0.09437013\n",
      "  0.08236508 0.08775357 0.10976179 0.0890473 ]\n",
      " [0.10369926 0.09618886 0.09271997 0.09746698 0.10232017 0.09390985\n",
      "  0.09078206 0.09207281 0.14445244 0.0863876 ]\n",
      " [0.10385273 0.09722375 0.10025567 0.10189935 0.10800471 0.09283669\n",
      "  0.08148431 0.12015459 0.10267797 0.09161022]\n",
      " [0.10267437 0.10649687 0.09358518 0.10773076 0.10386964 0.10188512\n",
      "  0.08830799 0.09900682 0.10839878 0.08804446]\n",
      " [0.09866798 0.10211545 0.09849865 0.10089134 0.08769478 0.08708482\n",
      "  0.08228079 0.10437613 0.14464916 0.09374088]\n",
      " [0.10139341 0.10840409 0.10524898 0.10958253 0.09492325 0.09425672\n",
      "  0.09052867 0.10393698 0.10037541 0.09134995]\n",
      " [0.10235809 0.10345107 0.08946637 0.10482772 0.10043802 0.10229089\n",
      "  0.09555636 0.0931655  0.11586521 0.09258076]\n",
      " [0.11623215 0.10535072 0.09768589 0.10074811 0.09795972 0.08171469\n",
      "  0.08881856 0.11344229 0.11545316 0.08259472]\n",
      " [0.11296373 0.09936161 0.09809035 0.10407215 0.08816561 0.09104274\n",
      "  0.08516157 0.10648024 0.12346088 0.09120113]\n",
      " [0.10427851 0.11480678 0.08462589 0.10553712 0.1065848  0.09553426\n",
      "  0.08272614 0.09161339 0.11912041 0.0951727 ]\n",
      " [0.08880281 0.09337031 0.0985617  0.11483979 0.11337204 0.09709341\n",
      "  0.08681598 0.10511976 0.10667828 0.09534593]\n",
      " [0.1039332  0.1066168  0.09880275 0.10510975 0.09816414 0.09482166\n",
      "  0.08710796 0.09841082 0.11107787 0.09595505]\n",
      " [0.09534194 0.10682085 0.10353547 0.09986911 0.09891633 0.11010657\n",
      "  0.08068535 0.09537951 0.12524688 0.084098  ]\n",
      " [0.10987974 0.10794632 0.1005805  0.10484945 0.10009699 0.09614077\n",
      "  0.09335787 0.09077774 0.10314293 0.09322769]\n",
      " [0.10192489 0.09824341 0.09152191 0.09989509 0.10132339 0.08959967\n",
      "  0.08642921 0.10973635 0.11691781 0.10440827]\n",
      " [0.11476883 0.10841885 0.10500393 0.09187479 0.10157234 0.0770891\n",
      "  0.08739233 0.09735662 0.12851588 0.08800733]\n",
      " [0.09764541 0.09786504 0.09216306 0.1039934  0.11883162 0.08981244\n",
      "  0.09093209 0.09823649 0.12244869 0.08807175]\n",
      " [0.10335811 0.12378759 0.09826575 0.10886436 0.10533541 0.09090298\n",
      "  0.09025914 0.09077283 0.10007202 0.08838181]\n",
      " [0.09581037 0.09809    0.10609579 0.10768574 0.090096   0.09470392\n",
      "  0.09398828 0.1028669  0.11542873 0.09523426]\n",
      " [0.11610008 0.1011894  0.09734111 0.1087944  0.10242466 0.08572008\n",
      "  0.07667616 0.09657861 0.1184871  0.09668839]\n",
      " [0.10528261 0.09734888 0.10405987 0.1039321  0.11148067 0.08853182\n",
      "  0.09833865 0.09123176 0.10772456 0.09206908]\n",
      " [0.10714405 0.09914916 0.09820254 0.10060952 0.09273936 0.09290249\n",
      "  0.088982   0.10156049 0.11061904 0.10809137]\n",
      " [0.11579164 0.09827469 0.0926083  0.10053396 0.10492235 0.08523965\n",
      "  0.0887456  0.10072459 0.12584048 0.08731874]\n",
      " [0.10323319 0.11011078 0.08733818 0.10226475 0.10307273 0.085475\n",
      "  0.09394497 0.09573688 0.12598401 0.09283951]] (2.645 sec)\n",
      "INFO:tensorflow:global_step/sec: 18.8412\n",
      "INFO:tensorflow:probabilities = [[0.10095886 0.10295275 0.09778913 0.10191714 0.10347927 0.08724172\n",
      "  0.10148855 0.09264362 0.11730334 0.09422562]\n",
      " [0.10937334 0.10316302 0.10086869 0.10193762 0.09564249 0.08822421\n",
      "  0.08547399 0.10542489 0.11028305 0.09960869]\n",
      " [0.11966123 0.1164695  0.09906777 0.08638206 0.09776057 0.09148892\n",
      "  0.08244276 0.10075756 0.11797983 0.08798979]\n",
      " [0.11180403 0.11254067 0.10032866 0.09529553 0.09037642 0.07743078\n",
      "  0.09788422 0.110893   0.11352409 0.08992261]\n",
      " [0.11236429 0.10668514 0.09806828 0.10487825 0.09353494 0.0870233\n",
      "  0.09662655 0.09388609 0.11771656 0.08921659]\n",
      " [0.10858584 0.11114135 0.09042273 0.10953642 0.08900929 0.09199318\n",
      "  0.08478307 0.12403168 0.09759467 0.09290176]\n",
      " [0.11612717 0.10397749 0.09174854 0.08559613 0.11111406 0.10058638\n",
      "  0.08523029 0.0955917  0.11981173 0.09021653]\n",
      " [0.10925176 0.10144944 0.093819   0.1013529  0.09358516 0.08789057\n",
      "  0.08541863 0.11347827 0.1168496  0.09690466]\n",
      " [0.10606796 0.10560969 0.1084174  0.10701402 0.09664263 0.08050105\n",
      "  0.0845387  0.10901815 0.11321182 0.08897857]\n",
      " [0.09915197 0.1047872  0.09604325 0.0997027  0.10125194 0.08940195\n",
      "  0.10554622 0.09346104 0.11164219 0.09901153]\n",
      " [0.09789607 0.0962315  0.11172356 0.09822069 0.07981913 0.09013623\n",
      "  0.09718981 0.09571127 0.1219576  0.11111414]\n",
      " [0.10555621 0.10661501 0.08901601 0.09178873 0.10174262 0.08401938\n",
      "  0.10116039 0.09818615 0.11981412 0.10210137]\n",
      " [0.10379318 0.09397267 0.09427983 0.10207366 0.1076695  0.09109244\n",
      "  0.0955438  0.10296015 0.12186105 0.08675371]\n",
      " [0.10202722 0.10048584 0.09792649 0.11475474 0.0948601  0.08041203\n",
      "  0.0807488  0.09452472 0.14065599 0.09360407]\n",
      " [0.09973706 0.10618388 0.10348444 0.09510675 0.09786067 0.09666923\n",
      "  0.091808   0.09875397 0.11144658 0.09894941]\n",
      " [0.10987731 0.10976747 0.08672103 0.10669458 0.08554757 0.09538949\n",
      "  0.09289781 0.10039981 0.11256353 0.10014141]\n",
      " [0.10874357 0.1053225  0.10952374 0.10176591 0.09992741 0.0906473\n",
      "  0.07825953 0.10338842 0.10587835 0.09654328]\n",
      " [0.10602585 0.11176092 0.09059261 0.09434243 0.09374939 0.07658421\n",
      "  0.0980959  0.10054812 0.12101631 0.10728425]\n",
      " [0.09718595 0.11151292 0.10487401 0.09781048 0.10616276 0.09186196\n",
      "  0.08310197 0.09606287 0.11103769 0.1003894 ]\n",
      " [0.11032692 0.10962948 0.10570504 0.09435502 0.09325272 0.08623792\n",
      "  0.08682105 0.11013008 0.10969666 0.09384511]\n",
      " [0.08953596 0.0982447  0.1020326  0.10847049 0.09979447 0.111679\n",
      "  0.07942191 0.10187793 0.12418036 0.08476258]\n",
      " [0.11293279 0.10688851 0.0934831  0.09758483 0.09656839 0.09381995\n",
      "  0.08644635 0.09062666 0.12902736 0.09262205]\n",
      " [0.10544547 0.10082544 0.09774133 0.10059833 0.09039333 0.08946787\n",
      "  0.10735251 0.10295734 0.1187867  0.08643168]\n",
      " [0.10499778 0.10475656 0.10169834 0.10595231 0.1000257  0.08654752\n",
      "  0.10031991 0.11006111 0.09360876 0.09203201]\n",
      " [0.10682031 0.09825255 0.10125048 0.09900689 0.09963529 0.10018645\n",
      "  0.08204969 0.0922216  0.12967025 0.09090649]\n",
      " [0.11236498 0.10370615 0.10064109 0.08457864 0.10072137 0.08598371\n",
      "  0.09382875 0.1047822  0.11673395 0.09665915]\n",
      " [0.10000928 0.10476642 0.10219937 0.10775744 0.10006762 0.10566757\n",
      "  0.0863689  0.08595365 0.11399601 0.09321373]\n",
      " [0.09816871 0.08620162 0.11259443 0.10434966 0.09892637 0.09228572\n",
      "  0.08755747 0.11096143 0.11227621 0.09667837]\n",
      " [0.10944734 0.10157138 0.09989409 0.11245883 0.09261272 0.07949894\n",
      "  0.09159432 0.10643081 0.12384337 0.0826482 ]\n",
      " [0.10225493 0.11268804 0.09815386 0.10779288 0.08649361 0.0906774\n",
      "  0.08507003 0.10571707 0.10951986 0.10163232]\n",
      " [0.11059226 0.11278772 0.09519218 0.09299508 0.09825689 0.09343889\n",
      "  0.10109063 0.08762909 0.10765051 0.10036676]\n",
      " [0.09992681 0.10200807 0.09497159 0.10462526 0.09120927 0.10225894\n",
      "  0.08557921 0.109719   0.11646982 0.09323205]\n",
      " [0.10524541 0.10462234 0.10233972 0.10659533 0.10853553 0.08134056\n",
      "  0.08777549 0.1029867  0.10574161 0.09481731]\n",
      " [0.11475314 0.10583372 0.1157654  0.09688182 0.09461413 0.09136368\n",
      "  0.08434085 0.09774334 0.11722328 0.08148065]\n",
      " [0.09473988 0.10195448 0.09499993 0.09964816 0.09150958 0.09874824\n",
      "  0.09237274 0.11570781 0.10773479 0.10258439]\n",
      " [0.10526295 0.11000708 0.09795751 0.10471313 0.09323675 0.09890693\n",
      "  0.08551131 0.09268424 0.11000606 0.10171404]\n",
      " [0.09799721 0.09610444 0.10407243 0.09180998 0.09604337 0.08177809\n",
      "  0.09488526 0.10816669 0.1320008  0.09714174]\n",
      " [0.09880848 0.10914759 0.10215359 0.10082573 0.09344618 0.08472113\n",
      "  0.08511893 0.11257191 0.11960486 0.09360161]\n",
      " [0.10988682 0.10012455 0.10967385 0.10207685 0.09851956 0.0898511\n",
      "  0.08972112 0.10278191 0.10160207 0.09576217]\n",
      " [0.09277462 0.10925379 0.09082432 0.09777607 0.10225183 0.08796372\n",
      "  0.09059196 0.11265306 0.11640427 0.09950637]\n",
      " [0.08840047 0.09709131 0.10474316 0.10403383 0.09362316 0.08596386\n",
      "  0.09669695 0.10029367 0.12974637 0.09940723]\n",
      " [0.09578591 0.09912757 0.09534854 0.10263924 0.09663053 0.08601135\n",
      "  0.09727314 0.11307296 0.11220743 0.10190334]\n",
      " [0.09659498 0.11479557 0.10102416 0.09685079 0.09159591 0.10127119\n",
      "  0.08234625 0.10394281 0.11454884 0.09702949]\n",
      " [0.12451718 0.10022316 0.10266738 0.10380611 0.09565639 0.08925561\n",
      "  0.08850287 0.09687858 0.11866804 0.07982469]\n",
      " [0.09920939 0.1033458  0.11026652 0.1008669  0.09631342 0.09841256\n",
      "  0.08232849 0.09742672 0.11850242 0.09332778]\n",
      " [0.10836849 0.09846835 0.10727912 0.09753561 0.09820807 0.09052626\n",
      "  0.09237618 0.09299322 0.11616988 0.09807483]\n",
      " [0.11581975 0.11013529 0.09038803 0.11061168 0.10128098 0.09508364\n",
      "  0.08702189 0.08681588 0.11481002 0.08803284]\n",
      " [0.10336739 0.09039526 0.10254851 0.10886736 0.10321451 0.08092225\n",
      "  0.08726966 0.10822683 0.1167111  0.09847713]\n",
      " [0.10369385 0.10003705 0.09838348 0.10321809 0.10367409 0.08989303\n",
      "  0.09061243 0.09607309 0.11081524 0.10359965]\n",
      " [0.1136716  0.10182731 0.10092634 0.0993823  0.10762646 0.08824766\n",
      "  0.1009252  0.08959393 0.10575517 0.09204402]\n",
      " [0.10284166 0.09423107 0.09121511 0.10893849 0.10641545 0.09128238\n",
      "  0.08886739 0.08774602 0.13036078 0.09810166]\n",
      " [0.10799892 0.09716564 0.11086539 0.09594929 0.0985312  0.09411883\n",
      "  0.09815776 0.08781603 0.11844434 0.0909526 ]\n",
      " [0.10322921 0.10635164 0.09750645 0.09843559 0.09660595 0.09472426\n",
      "  0.09040065 0.10240664 0.11750493 0.09283467]\n",
      " [0.11130172 0.1047135  0.08920953 0.10665266 0.09669036 0.08615659\n",
      "  0.09311346 0.10545615 0.11344877 0.09325725]\n",
      " [0.10465878 0.09230602 0.12411586 0.1003787  0.10208043 0.07706879\n",
      "  0.09195873 0.093972   0.12925437 0.08420633]\n",
      " [0.09013248 0.09217682 0.09480686 0.10141926 0.1075916  0.09509311\n",
      "  0.09323595 0.11202923 0.12416721 0.08934748]\n",
      " [0.11457394 0.09903616 0.10061732 0.09658398 0.11248098 0.08618401\n",
      "  0.09362402 0.09667242 0.11648385 0.08374332]\n",
      " [0.10579836 0.09601947 0.11413301 0.10718021 0.09284617 0.08729075\n",
      "  0.08129114 0.09922758 0.12653962 0.08967371]\n",
      " [0.10990557 0.10207908 0.09272621 0.10291413 0.1001173  0.07986161\n",
      "  0.09200225 0.08924474 0.12445898 0.10669012]\n",
      " [0.10057983 0.10300314 0.10690451 0.1048372  0.09686892 0.09393499\n",
      "  0.09427194 0.09865776 0.11879245 0.08214925]\n",
      " [0.12958263 0.11171135 0.09221647 0.07872969 0.09512552 0.09394456\n",
      "  0.11138269 0.1014234  0.09773858 0.08814511]\n",
      " [0.100391   0.10745875 0.10351591 0.10239074 0.09354093 0.09158753\n",
      "  0.08922285 0.11195112 0.10506743 0.09487375]\n",
      " [0.09004403 0.1080435  0.10717457 0.10393173 0.10995479 0.09331209\n",
      "  0.0827882  0.10108041 0.11280214 0.09086854]\n",
      " [0.09919126 0.10117051 0.10321341 0.09842524 0.09129597 0.08642794\n",
      "  0.09381956 0.10351961 0.10456456 0.11837194]] (2.664 sec)\n"
     ]
    },
    {
     "name": "stdout",
     "output_type": "stream",
     "text": [
      "INFO:tensorflow:loss = 2.2948191165924072, step = 100 (5.310 sec)\n",
      "INFO:tensorflow:probabilities = [[0.10098908 0.09587045 0.08832651 0.09508755 0.10846964 0.09305015\n",
      "  0.08813084 0.12813245 0.10974798 0.09219535]\n",
      " [0.10945285 0.10410564 0.09493377 0.09747693 0.11097244 0.08859561\n",
      "  0.08700309 0.09935728 0.1027325  0.10536989]\n",
      " [0.09674038 0.11883169 0.10045563 0.10177847 0.10214198 0.09524553\n",
      "  0.08821513 0.09097289 0.10947695 0.09614136]\n",
      " [0.10230747 0.10566103 0.10690574 0.10034047 0.10116692 0.08905526\n",
      "  0.08841382 0.09285654 0.10909041 0.10420233]\n",
      " [0.11121314 0.09283603 0.10034198 0.10812208 0.0951227  0.09446962\n",
      "  0.08882051 0.09749783 0.11523938 0.09633673]\n",
      " [0.10790223 0.10453615 0.09573911 0.09352972 0.09632989 0.08463728\n",
      "  0.10406613 0.09853618 0.12291298 0.09181033]\n",
      " [0.11018117 0.09966954 0.10580931 0.09978138 0.09835622 0.0880658\n",
      "  0.091475   0.10140371 0.10687815 0.0983797 ]\n",
      " [0.11331224 0.10464786 0.10716596 0.11168778 0.09139977 0.07713128\n",
      "  0.09227957 0.09507127 0.10555543 0.10174882]\n",
      " [0.10542776 0.10607333 0.1000581  0.10216315 0.0933148  0.09200602\n",
      "  0.09402835 0.10774347 0.10780125 0.09138378]\n",
      " [0.10334854 0.09760267 0.0920182  0.10626226 0.09220902 0.08014882\n",
      "  0.09215924 0.11420307 0.13044452 0.09160366]\n",
      " [0.09849738 0.10315177 0.09817344 0.11501552 0.09869687 0.08760126\n",
      "  0.08212517 0.10700794 0.10784361 0.10188704]\n",
      " [0.11372403 0.10719061 0.09982267 0.08182238 0.10327815 0.08216834\n",
      "  0.08866334 0.08824114 0.13214691 0.10294241]\n",
      " [0.10292056 0.1020439  0.10668262 0.10022083 0.09979005 0.09356721\n",
      "  0.10061722 0.09880546 0.10101421 0.09433793]\n",
      " [0.11298854 0.10714306 0.09567921 0.10987655 0.10673063 0.07312913\n",
      "  0.08914157 0.09021455 0.11317972 0.10191704]\n",
      " [0.10487354 0.09468133 0.10144407 0.09589457 0.09393442 0.08802935\n",
      "  0.08378645 0.10356132 0.12420821 0.10958673]\n",
      " [0.10619996 0.09863564 0.10433615 0.10637859 0.09864785 0.08454399\n",
      "  0.09392909 0.09834852 0.11473173 0.09424848]\n",
      " [0.10530098 0.10295538 0.10220189 0.10514036 0.08237763 0.08111999\n",
      "  0.09438107 0.10470549 0.12061941 0.10119782]\n",
      " [0.10356075 0.10209657 0.08989679 0.09977149 0.08847907 0.0834488\n",
